x_ =   1.80114
0.0200394
  2.29648
-0.203961
P_ =   0.0819398 -0.00708196           0           0
-0.00708196  0.00283007           0           0
          0           0     7.91559     88.1116
          0           0     88.1116     992.174
x_ =   3.89419
-0.134456
  1.92383
-0.139427
P_ =   0.0221524 3.08265e-05   0.0401876 -0.00156847
3.08265e-05   0.0224968 -0.00156847   0.0226668
  0.0401876 -0.00156847    0.454391   0.0727223
-0.00156847   0.0226668   0.0727223     1.26674
x_ =   3.98587
0.0719167
    2.359
0.0875755
P_ =    0.0157832 -0.000213474   0.00541526  -0.00345671
-0.000213474   0.00850678  0.000178545   0.00869411
  0.00541526  0.000178545    0.0765455    0.0485297
 -0.00345671   0.00869411    0.0485297      1.25083
x_ =   6.8551
0.414695
 3.32906
0.459089
P_ =    0.0221318  6.50544e-06    0.0422404 -0.000349363
 6.50544e-06    0.0223013 -0.000316366    0.0331885
   0.0422404 -0.000316366     0.229986    0.0167736
-0.000349363    0.0331885    0.0167736      0.70606
x_ =  6.68916
0.435197
 2.64246
0.350663
P_ =    0.0140444 -2.38148e-05    0.0103254  -0.00657874
-2.38148e-05    0.0146188  -0.00124813    0.0213777
   0.0103254  -0.00124813    0.0643939   -0.0242159
 -0.00657874    0.0213777   -0.0242159     0.677366
x_ =   9.08155
 0.595438
  2.16168
0.0398454
P_ =   0.0221308 -5.8987e-06   0.0422456 0.000333243
-5.8987e-06   0.0222477 0.000389457   0.0358614
  0.0422456 0.000389457    0.230582   -0.021764
0.000333243   0.0358614   -0.021764    0.579538
x_ =  9.09358
0.666961
 2.39612
0.171128
P_ =    0.0139787 -0.000181697    0.0101447  -0.00131992
-0.000181697    0.0171239  -0.00101724    0.0275259
   0.0101447  -0.00101724     0.065377   -0.0323421
 -0.00131992    0.0275259   -0.0323421     0.565529
x_ = 11.5739
1.65711
2.57122
1.51484
P_ =    0.0221309 -6.73637e-06    0.0422422  0.000373807
-6.73637e-06    0.0222349  0.000377979    0.0364394
   0.0422422  0.000377979     0.230574   -0.0211045
 0.000373807    0.0364394   -0.0211045     0.556793
x_ =  11.526
1.61687
2.38548
1.41697
P_ =    0.0141412 -0.000825235    0.0111172  -0.00637194
-0.000825235    0.0186842  -0.00421105    0.0296222
   0.0111172  -0.00421105    0.0716852   -0.0621654
 -0.00637194    0.0296222   -0.0621654     0.536186
x_ =  13.5978
 2.32075
 1.75996
0.230954
P_ =    0.0221325 -1.43302e-05    0.0421392  0.000833276
-1.43302e-05    0.0222311  0.000851718    0.0365957
   0.0421392  0.000851718     0.236989   -0.0498585
 0.000833276    0.0365957   -0.0498585     0.552261
x_ =  13.6898
 2.29784
 2.30011
0.273789
P_ =    0.0141244 -0.000923441     0.010797  -0.00435219
-0.000923441    0.0195248  -0.00362937    0.0315493
    0.010797  -0.00362937    0.0766037   -0.0796011
 -0.00435219    0.0315493   -0.0796011     0.539615
x_ =  16.6347
 2.89855
  3.5414
0.839821
P_ =    0.0221333 -1.71275e-05    0.0421015  0.000969715
-1.71275e-05     0.022232  0.000978265    0.0365153
   0.0421015  0.000978265     0.238735   -0.0560389
 0.000969715    0.0365153   -0.0560389     0.559028
x_ =  16.4804
 2.87182
 2.87597
0.720379
P_ =   0.0141685 -0.00112341    0.010829 -0.00417801
-0.00112341   0.0202612 -0.00413529   0.0326886
   0.010829 -0.00413529   0.0780014  -0.0845251
-0.00417801   0.0326886  -0.0845251    0.549086
x_ = 19.0161
3.70449
2.23426
  0.888
P_ =   0.0221336 -1.8051e-05   0.0420862  0.00102794
-1.8051e-05   0.0222337  0.00102748   0.0364071
  0.0420862  0.00102748    0.239653  -0.0593378
 0.00102794   0.0364071  -0.0593378    0.566539
x_ =   19.087
 3.72432
 2.36938
0.923695
P_ =    0.014237 -0.00133077   0.0111751 -0.00533756
-0.00133077   0.0205959  -0.0048115    0.032871
  0.0111751  -0.0048115   0.0814387  -0.0944164
-0.00533756    0.032871  -0.0944164    0.554916
x_ = 21.3332
4.73117
2.13984
1.05311
P_ =    0.0221344 -2.02309e-05    0.0420392   0.00115544
-2.02309e-05    0.0222343   0.00115959     0.036367
   0.0420392   0.00115959     0.242489   -0.0671712
  0.00115544     0.036367   -0.0671712     0.569209
x_ = 21.4293
4.75069
2.49982
1.14034
P_ =   0.0143257 -0.00155515   0.0115316 -0.00620571
-0.00155515   0.0207891 -0.00548769   0.0328822
  0.0115316 -0.00548769    0.086727   -0.107377
-0.00620571   0.0328822   -0.107377    0.555715
x_ =  24.0766
 5.57332
 2.76013
0.629528
P_ =    0.0221355 -2.29605e-05    0.0419727   0.00131194
-2.29605e-05    0.0222342   0.00131793     0.036376
   0.0419727   0.00131793     0.246403   -0.0764071
  0.00131194     0.036376   -0.0764071     0.568963
x_ =  24.1852
 5.60751
 2.98827
0.697099
P_ =   0.0143421 -0.00162125   0.0113842 -0.00568496
-0.00162125   0.0210007 -0.00540013   0.0333624
  0.0113842 -0.00540013   0.0894701   -0.113759
-0.00568496   0.0333624   -0.113759    0.557663
x_ = 26.6137
6.95388
1.96877
1.72318
P_ =     0.022136 -2.40031e-05    0.0419506    0.0013651
-2.40031e-05    0.0222345   0.00136829    0.0363528
   0.0419506   0.00136829     0.247499   -0.0790327
   0.0013651    0.0363528   -0.0790327     0.570795
x_ =   26.67
6.96917
 2.3871
1.85748
P_ =   0.0144956 -0.00191998   0.0121699 -0.00738353
-0.00191998    0.021012 -0.00662707   0.0327627
  0.0121699 -0.00662707   0.0958022   -0.126226
-0.00738353   0.0327627   -0.126226    0.554034
x_ =  29.5787
 8.09601
 3.32097
0.697995
P_ =    0.0221375 -2.69362e-05    0.0418576   0.00154284
-2.69362e-05    0.0222334   0.00154785    0.0364191
   0.0418576   0.00154785     0.253232   -0.0900176
  0.00154284    0.0364191   -0.0900176      0.56683
x_ =  29.5263
 8.08647
 3.05049
0.628715
P_ =   0.0144938 -0.00194164   0.0118619 -0.00664715
-0.00194164   0.0211456 -0.00627204   0.0332946
  0.0118619 -0.00627204   0.0995092   -0.133185
-0.00664715   0.0332946   -0.133185    0.553095
x_ = 31.9504
9.86715
1.95227
2.46938
P_ =    0.0221381 -2.80043e-05    0.0418317   0.00159216
-2.80043e-05    0.0222332   0.00159682    0.0364179
   0.0418317   0.00159682     0.254375   -0.0922504
  0.00159216    0.0364179   -0.0922504      0.56744
x_ = 31.9347
 9.8563
 2.0554
2.50464
P_ =    0.014711 -0.00227984   0.0129802 -0.00859069
-0.00227984   0.0210207 -0.00772906   0.0322439
  0.0129802 -0.00772906    0.107954   -0.146673
-0.00859069   0.0322439   -0.146673      0.5457
x_ =    34.608
  10.7178
  3.08229
-0.144433
P_ =   0.0221401 -3.1242e-05   0.0417048  0.00179055
-3.1242e-05   0.0222314  0.00179577   0.0365338
  0.0417048  0.00179577    0.262248   -0.104541
 0.00179055   0.0365338   -0.104541    0.560326
x_ =   34.6927
  10.7467
  3.19396
-0.104599
P_ =   0.0146179 -0.00216465   0.0120487 -0.00684905
-0.00216465   0.0211796 -0.00675048   0.0333205
  0.0120487 -0.00675048    0.109524   -0.149365
-0.00684905   0.0333205   -0.149365    0.545999
x_ = 37.1503
12.0721
1.92394
2.18266
P_ =      0.02214 -3.11797e-05    0.0417233   0.00176813
-3.11797e-05    0.0222317   0.00177154    0.0364979
   0.0417233   0.00177154     0.260454    -0.102138
  0.00176813    0.0364979    -0.102138     0.563222
x_ = 37.2641
12.1118
2.31311
2.32154
P_ =   0.0147731 -0.00239115   0.0129414 -0.00823749
-0.00239115    0.021082 -0.00790039   0.0324887
  0.0129414 -0.00790039    0.113368   -0.154973
-0.00823749   0.0324887   -0.154973    0.543172
x_ =   40.318
 13.4771
 3.62347
0.813274
P_ =    0.0221411 -3.27407e-05    0.0416516   0.00187238
-3.27407e-05    0.0222308   0.00187302      0.03656
   0.0416516   0.00187302     0.265155    -0.108875
  0.00187238      0.03656    -0.108875     0.559152
x_ =  40.1862
 13.4374
 3.08751
0.638168
P_ =   0.0147539 -0.00237629   0.0126265 -0.00778487
-0.00237629   0.0211557 -0.00750618   0.0329016
  0.0126265 -0.00750618    0.116276   -0.159142
-0.00778487   0.0329016   -0.159142    0.541307
x_ = 42.7734
14.8211
2.21234
1.82041
P_ =    0.0221416 -3.33429e-05    0.0416342   0.00189637
-3.33429e-05    0.0222306   0.00190015    0.0365668
   0.0416342   0.00190015     0.265802    -0.109879
  0.00189637    0.0365668    -0.109879     0.559195
x_ = 42.7963
14.8325
2.47175
1.92347
P_ =   0.0148549 -0.00251222   0.0131055 -0.00841021
-0.00251222   0.0210901 -0.00812178   0.0324607
  0.0131055 -0.00812178    0.119811   -0.163858
-0.00841021   0.0324607   -0.163858    0.538439
x_ = 45.3561
16.5547
2.61867
1.60002
P_ =    0.0221424 -3.44782e-05    0.0415807   0.00196792
-3.44782e-05    0.0222298    0.0019693    0.0366141
   0.0415807    0.0019693     0.269152    -0.114279
  0.00196792    0.0366141    -0.114279     0.556248
x_ = 45.4025
16.5702
2.69457
1.62457
P_ =   0.0149265 -0.00260386   0.0133561 -0.00879623
-0.00260386    0.021051 -0.00832209   0.0322582
  0.0133561 -0.00832209    0.125082   -0.170465
-0.00879623   0.0322582   -0.170465    0.533621
x_ =  48.1546
 17.2944
 2.71677
0.144513
P_ =    0.0221435 -3.58409e-05    0.0415185   0.00204351
-3.58409e-05    0.0222288   0.00204769    0.0366714
   0.0415185   0.00204769      0.27273      -0.1187
  0.00204351    0.0366714      -0.1187     0.553004
x_ =  48.1508
 17.2958
 2.79988
0.177137
P_ =   0.0148687 -0.00254021   0.0127887 -0.00782663
-0.00254021   0.0211331 -0.00793882   0.0328632
  0.0127887 -0.00793882    0.124364   -0.169699
-0.00782663   0.0328632   -0.169699    0.534864
x_ = 50.6255
19.0534
2.33759
2.75194
P_ =    0.0221431 -3.54183e-05     0.041546   0.00201346
-3.54183e-05    0.0222292   0.00201348     0.036639
    0.041546   0.00201348     0.270788    -0.116425
  0.00201346     0.036639    -0.116425     0.555267
x_ = 50.5771
19.0326
2.14686
2.67119
P_ =    0.015017 -0.00271548   0.0137111 -0.00915514
-0.00271548   0.0210072 -0.00877295   0.0319581
  0.0137111 -0.00877295    0.128719   -0.174836
-0.00915514   0.0319581   -0.174836    0.530661
x_ =   53.7139
  19.9184
  3.82613
-0.181332
P_ =    0.0221443 -3.68224e-05    0.0414684   0.00210378
-3.68224e-05    0.0222281   0.00210532    0.0367146
   0.0414684   0.00210532     0.275793    -0.122302
  0.00210378    0.0367146    -0.122302     0.550411
x_ =   53.6007
  19.8779
   3.2712
-0.376336
P_ =   0.0149102 -0.00259786   0.0128581 -0.00794714
-0.00259786   0.0211333 -0.00802816   0.0328503
  0.0128581 -0.00802816    0.127952   -0.174036
-0.00794714   0.0328503   -0.174036    0.531815
x_ =  56.043
21.0745
1.86795
2.13948
P_ =    0.0221439 -3.62728e-05    0.0415073   0.00206005
-3.62728e-05    0.0222286   0.00206131    0.0366718
   0.0415073   0.00206131     0.272948    -0.119084
  0.00206005    0.0366718    -0.119084     0.553514
x_ = 56.0329
21.0709
1.96286
2.17824
P_ =   0.0150077 -0.00271316   0.0135039  -0.0087781
-0.00271316   0.0210499 -0.00869377   0.0322248
  0.0135039 -0.00869377    0.129202    -0.17554
 -0.0087781   0.0322248    -0.17554    0.530878
x_ =   58.6551
  21.7987
  3.05597
-0.152687
P_ =    0.0221443 -3.68526e-05     0.041471   0.00210356
-3.68526e-05    0.0222282   0.00210265    0.0367052
    0.041471   0.00210265       0.2755    -0.122064
  0.00210356    0.0367052    -0.122064     0.551148
x_ =   58.6544
  21.7998
  3.05886
-0.149578
P_ =   0.0149272 -0.00262322   0.0129501 -0.00806805
-0.00262322   0.0211432 -0.00813702   0.0327978
  0.0129501 -0.00813702    0.128225   -0.174463
-0.00806805   0.0327978   -0.174463    0.532091
x_ = 60.8837
22.7753
1.61226
1.62707
P_ =    0.0221439 -3.63892e-05    0.0415014   0.00206827
-3.63892e-05    0.0222286    0.0020691    0.0366725
   0.0415014    0.0020691     0.273357    -0.119631
  0.00206827    0.0366725    -0.119631     0.553443
x_ = 60.9226
  22.79
  1.984
1.77033
P_ =     0.01499 -0.00269797   0.0133777 -0.00861327
-0.00269797   0.0210906  -0.0085854   0.0323861
  0.0133777  -0.0085854    0.128758    -0.17512
-0.00861327   0.0323861    -0.17512     0.53176
x_ =   63.3764
    23.42
  2.75335
-0.066341
P_ =    0.0221442 -3.67094e-05    0.0414803   0.00209388
-3.67094e-05    0.0222284   0.00209297    0.0366916
   0.0414803   0.00209297     0.274887    -0.121425
  0.00209388    0.0366916    -0.121425      0.55204
x_ =    63.4372
   23.4438
   2.76328
-0.0587412
P_ =   0.0149264 -0.00262596   0.0129624 -0.00807868
-0.00262596   0.0211639 -0.00816215   0.0328144
  0.0129624 -0.00816215    0.127633   -0.173843
-0.00807868   0.0328144   -0.173843    0.533026
x_ =  66.3371
 23.9883
 3.07715
0.949443
P_ =    0.0221438 -3.62718e-05     0.041507   0.00206259
-3.62718e-05    0.0222288   0.00206291    0.0366634
    0.041507   0.00206291     0.273067    -0.119333
  0.00206259    0.0366634    -0.119333      0.55396
x_ =  66.1692
 23.9282
 2.37655
0.702741
P_ =   0.0149118  -0.0026103    0.012939 -0.00798756
 -0.0026103   0.0211886 -0.00819546   0.0328545
   0.012939 -0.00819546    0.125399   -0.171233
-0.00798756   0.0328545   -0.171233    0.535396
x_ =   68.267
 24.3619
 1.82821
0.232813
P_ =    0.0221434 -3.57636e-05    0.0415303   0.00203646
-3.57636e-05    0.0222292   0.00203437    0.0366386
   0.0415303   0.00203437     0.271801    -0.117849
  0.00203646    0.0366386    -0.117849      0.55533
x_ =  68.4092
 24.4129
 2.34345
0.414453
P_ =   0.0148845 -0.00257832   0.0128706 -0.00794874
-0.00257832   0.0212215 -0.00806643   0.0329304
  0.0128706 -0.00806643    0.123846   -0.169379
-0.00794874   0.0329304   -0.169379    0.537078
x_ =  70.8262
 24.8836
 2.48673
0.513921
P_ =    0.0221431 -3.53744e-05    0.0415488    0.0020136
-3.53744e-05    0.0222296   0.00201276    0.0366189
   0.0415488   0.00201276     0.270723    -0.116553
   0.0020136    0.0366189    -0.116553     0.556483
x_ =  70.7713
 24.8636
 2.26269
0.435459
P_ =   0.0148618 -0.00255131    0.012795 -0.00784366
-0.00255131   0.0212514 -0.00798389   0.0330163
   0.012795 -0.00798389    0.122236   -0.167411
-0.00784366   0.0330163   -0.167411     0.53878
x_ =   72.8954
  24.7208
  1.94914
-0.529428
P_ =    0.0221427 -3.49615e-05    0.0415679   0.00199031
-3.49615e-05    0.0222299   0.00198914    0.0365988
   0.0415679   0.00198914      0.26962    -0.115201
  0.00199031    0.0365988    -0.115201     0.557655
x_ =   72.9792
    24.75
  2.25794
-0.427689
P_ =   0.0147956  -0.0024662   0.0124738 -0.00734802
 -0.0024662   0.0213227 -0.00764477   0.0333404
  0.0124738 -0.00764477    0.118893   -0.163159
-0.00734802   0.0333404   -0.163159    0.542123
x_ = 75.0044
25.2486
1.90361
1.07464
P_ =    0.022142 -3.3988e-05   0.0416134  0.00193255
-3.3988e-05   0.0222307  0.00193051   0.0365531
  0.0416134  0.00193051    0.266877   -0.111685
 0.00193255   0.0365531   -0.111685    0.560419
x_ = 74.9813
25.2404
1.80977
1.04241
P_ =   0.0148097 -0.00248644   0.0127035 -0.00775252
-0.00248644   0.0213131 -0.00783993   0.0331228
  0.0127035 -0.00783993    0.117817   -0.161782
-0.00775252   0.0331228   -0.161782    0.543328
x_ = 77.1192
24.9454
2.30671
-1.1272
P_ =   0.0221419 -3.3843e-05   0.0416162  0.00192881
-3.3843e-05   0.0222308  0.00192743   0.0365491
  0.0416162  0.00192743    0.266913   -0.111749
 0.00192881   0.0365491   -0.111749    0.560462
x_ =  77.1121
 24.9448
 2.15893
-1.16745
P_ =   0.0147185 -0.00236191   0.0121954  -0.0069496
-0.00236191   0.0214087 -0.00725565   0.0336284
  0.0121954 -0.00725565    0.114414   -0.157182
 -0.0069496   0.0336284   -0.157182    0.546678
x_ =  79.1097
 25.0221
  1.9625
0.862265
P_ =     0.022141 -3.26937e-05    0.0416691    0.0018571
-3.26937e-05    0.0222317   0.00185556    0.0364965
   0.0416691   0.00185556     0.263599    -0.107248
   0.0018571    0.0364965    -0.107248     0.563766
x_ =  79.0746
 25.0106
 1.70506
0.782329
P_ =   0.0147196 -0.00236506   0.0123637 -0.00722738
-0.00236506   0.0214111  -0.0074379   0.0334746
  0.0123637  -0.0074379    0.112202   -0.154132
-0.00722738   0.0334746   -0.154132    0.549019
x_ =   80.8083
  24.8798
  1.68126
-0.713652
P_ =    0.0221407 -3.22044e-05    0.0416855   0.00183493
-3.22044e-05     0.022232    0.0018324    0.0364788
   0.0416855    0.0018324     0.262856    -0.106222
  0.00183493    0.0364788    -0.106222     0.564588
x_ =   80.8643
  24.8967
  1.77138
-0.685943
P_ =   0.0146623 -0.00228201   0.0121053 -0.00685355
-0.00228201   0.0214714 -0.00705452    0.033733
  0.0121053 -0.00705452    0.109894   -0.150809
-0.00685355    0.033733   -0.150809     0.55137
x_ =    82.6212
   24.6342
   1.77924
0.00717102
P_ =    0.0221401 -3.14203e-05    0.0417185    0.0017864
-3.14203e-05    0.0222326   0.00178534    0.0364455
   0.0417185   0.00178534     0.260825    -0.103277
   0.0017864    0.0364455    -0.103277     0.566644
x_ =    82.5827
   24.6235
   1.58503
-0.0470758
P_ =   0.0146334 -0.00223862   0.0120366 -0.00671318
-0.00223862   0.0215035 -0.00697322   0.0338081
  0.0120366 -0.00697322    0.107307   -0.146962
-0.00671318   0.0338081   -0.146962    0.554002
x_ =    84.1733
   24.5507
   1.59336
-0.0888024
P_ =    0.0221396 -3.06457e-05    0.0417472   0.00174411
-3.06457e-05    0.0222331   0.00174175    0.0364163
   0.0417472   0.00174175     0.259214    -0.100859
  0.00174411    0.0364163    -0.100859     0.568289
x_ =    84.1803
    24.552
   1.59418
-0.0896578
P_ =   0.0146056 -0.00219609   0.0119805 -0.00666601
-0.00219609   0.0215335 -0.00683692   0.0338679
  0.0119805 -0.00683692    0.105455   -0.144117
-0.00666601   0.0338679   -0.144117    0.555916
x_ =  85.6408
 23.8159
 1.29069
-1.15844
P_ =    0.0221392 -3.00669e-05    0.0417682   0.00171113
-3.00669e-05    0.0222335   0.00170975    0.0363947
   0.0417682   0.00170975     0.258013   -0.0989983
  0.00171113    0.0363947   -0.0989983     0.569526
x_ =  85.7245
 23.8385
 1.56323
-1.08725
P_ =   0.0145417 -0.00209109    0.011679 -0.00608097
-0.00209109   0.0215997 -0.00642303   0.0341674
   0.011679 -0.00642303    0.102145   -0.138789
-0.00608097   0.0341674   -0.138789    0.559166
x_ =  86.9494
 23.5183
0.982547
0.141156
P_ =    0.0221385 -2.88576e-05    0.0418126   0.00163962
-2.88576e-05    0.0222342   0.00163724    0.0363507
   0.0418126   0.00163724     0.255344   -0.0946614
  0.00163962    0.0363507   -0.0946614     0.572177
x_ =  87.0611
  23.548
 1.14742
0.185763
P_ =   0.0145284  -0.0020697   0.0117489 -0.00625097
 -0.0020697   0.0216145 -0.00647028    0.034106
  0.0117489 -0.00647028    0.100023   -0.135257
-0.00625097    0.034106   -0.135257    0.561377
x_ =   88.814
 22.7973
 2.22166
-1.29918
P_ =    0.0221381 -2.82285e-05    0.0418317   0.00160748
-2.82285e-05    0.0222346   0.00160519    0.0363307
   0.0418317   0.00160519     0.254358    -0.093004
  0.00160748    0.0363307    -0.093004     0.573212
x_ =  88.6873
 22.7662
 1.71265
-1.41851
P_ =   0.0144578 -0.00194274   0.0114121 -0.00557831
-0.00194274   0.0216879 -0.00592392   0.0344389
  0.0114121 -0.00592392   0.0967961   -0.129572
-0.00557831   0.0344389   -0.129572    0.564535
x_ =   89.5101
   22.298
 0.096592
0.0691244
P_ =    0.0221373 -2.69067e-05    0.0418767   0.00152759
-2.69067e-05    0.0222354   0.00152543    0.0362862
   0.0418767   0.00152543      0.25162    -0.088133
  0.00152759    0.0362862    -0.088133     0.575928
x_ =  89.6351
 22.3295
0.625308
0.197841
P_ =   0.0144506 -0.00193076   0.0115158  -0.0058201
-0.00193076   0.0216954 -0.00604446   0.0343441
  0.0115158 -0.00604446   0.0947981   -0.125929
 -0.0058201   0.0343441   -0.125929     0.56664
x_ =  90.5102
 21.6775
 1.03898
-1.17113
P_ =     0.022137 -2.62857e-05    0.0418933   0.00149722
-2.62857e-05    0.0222357   0.00149473    0.0362687
   0.0418933   0.00149473     0.250803   -0.0866279
  0.00149722    0.0362687   -0.0866279     0.576798
x_ =  90.6023
 21.7004
 1.26572
-1.11645
P_ =   0.0144006 -0.00183351   0.0112947 -0.00537706
-0.00183351   0.0217467 -0.00561801   0.0345623
  0.0112947 -0.00561801   0.0926022   -0.121717
-0.00537706   0.0345623   -0.121717    0.568836
x_ =   91.7196
  21.1092
  1.01973
-0.270361
P_ =    0.0221365 -2.53113e-05    0.0419237   0.00143791
-2.53113e-05    0.0222362    0.0014365    0.0362383
   0.0419237    0.0014365     0.248949   -0.0830401
  0.00143791    0.0362383   -0.0830401     0.578651
x_ =   91.7762
  21.1232
  1.02579
-0.265199
P_ =   0.0143785 -0.00178893   0.0112617 -0.00528941
-0.00178893   0.0217702 -0.00555019   0.0346004
  0.0112617 -0.00555019   0.0904863   -0.117497
-0.00528941   0.0346004   -0.117497    0.570987
x_ =   92.8589
  20.9525
  1.13963
-0.107543
P_ =    0.0221361 -2.44793e-05    0.0419464   0.00139285
-2.44793e-05    0.0222367   0.00139043    0.0362153
   0.0419464   0.00139043     0.247693   -0.0805044
  0.00139285    0.0362153   -0.0805044     0.579932
x_ =   92.9084
  20.9638
  1.05064
-0.125475
P_ =   0.0143634  -0.0017581   0.0112584 -0.00534551
 -0.0017581   0.0217865 -0.00547118   0.0346061
  0.0112584 -0.00547118   0.0893445   -0.115142
-0.00534551   0.0346061   -0.115142    0.572189
x_ =   93.4755
  20.2233
0.0950046
 -1.15759
P_ =    0.0221359 -2.40254e-05    0.0419583    0.0013675
-2.40254e-05    0.0222369   0.00136643    0.0362029
   0.0419583   0.00136643     0.247033   -0.0791317
   0.0013675    0.0362029   -0.0791317     0.580621
x_ =  93.6318
 20.2571
0.808842
-1.01239
P_ =   0.0143262 -0.00167671   0.0110831 -0.00490331
-0.00167671   0.0218244 -0.00514247   0.0347793
  0.0110831 -0.00514247   0.0874735   -0.111125
-0.00490331   0.0347793   -0.111125    0.574039
x_ =   95.3082
  19.6528
  2.47916
-0.295594
P_ =    0.0221354 -2.31096e-05    0.0419836   0.00131311
-2.31096e-05    0.0222373   0.00131148    0.0361778
   0.0419836   0.00131148     0.245508   -0.0758311
  0.00131311    0.0361778   -0.0758311     0.582137
x_ =   95.0094
  19.5928
  1.23375
-0.535172
P_ =   0.0142984 -0.00161313   0.0110037 -0.00468929
-0.00161313   0.0218544 -0.00496978   0.0348633
  0.0110037 -0.00496978   0.0853935   -0.106456
-0.00468929   0.0348633   -0.106456    0.576119
x_ =   95.5153
  19.6917
-0.110713
 0.453079
P_ =     0.022135 -2.21465e-05    0.0420076   0.00125917
-2.21465e-05    0.0222377   0.00125678    0.0361537
   0.0420076   0.00125678     0.244138   -0.0727166
  0.00125917    0.0361537   -0.0727166      0.58352
x_ =  95.6129
 19.7117
0.443729
0.568128
P_ =   0.0143075 -0.00163546   0.0111426 -0.00514047
-0.00163546   0.0218451 -0.00515933   0.0347262
  0.0111426 -0.00515933   0.0851136   -0.105821
-0.00514047   0.0347262   -0.105821    0.576472
x_ =  96.2618
 19.1726
0.768102
-1.22014
P_ =    0.022135 -2.2151e-05   0.0420056  0.00126299
-2.2151e-05   0.0222377  0.00126238   0.0361551
  0.0420056  0.00126238    0.244354   -0.073222
 0.00126299   0.0361551   -0.073222    0.583334
x_ =  96.3218
 19.1835
0.947656
-1.18723
P_ =    0.014271 -0.00154795   0.0109294 -0.00455833
-0.00154795   0.0218825 -0.00472597   0.0349374
  0.0109294 -0.00472597   0.0838846   -0.102911
-0.00455833   0.0349374   -0.102911    0.577684
x_ =     97.5237
    18.7182
    1.47114
0.000260733
P_ =    0.0221347 -2.13962e-05    0.0420257   0.00121511
-2.13962e-05    0.0222381   0.00121441    0.0361351
   0.0420257   0.00121441     0.243073   -0.0701784
  0.00121511    0.0361351   -0.0701784     0.584608
x_ =    97.4439
   18.7016
   1.04511
-0.0797813
P_ =   0.0142594 -0.00151943   0.0109223 -0.00451208
-0.00151943   0.0218955 -0.00472105   0.0349492
  0.0109223 -0.00472105   0.0824939  -0.0995185
-0.00451208   0.0349492  -0.0995185    0.579095
x_ =   98.2152
   18.377
 0.511742
-0.492325
P_ =    0.0221344 -2.07428e-05    0.0420401   0.00118062
-2.07428e-05    0.0222383   0.00117857    0.0361205
   0.0420401   0.00117857     0.242294   -0.0682587
  0.00118062    0.0361205   -0.0682587     0.585405
x_ =   98.2757
  18.3876
 0.758053
-0.448893
P_ =   0.0142422 -0.00147592   0.0108783 -0.00443451
-0.00147592   0.0219132 -0.00456523   0.0349938
  0.0108783 -0.00456523   0.0815128  -0.0970371
-0.00443451   0.0349938  -0.0970371    0.580105
x_ =  99.0368
 17.3637
0.733082
-1.38237
P_ =    0.0221342 -2.02236e-05    0.0420517   0.00115037
-2.02236e-05    0.0222385   0.00114941    0.0361086
   0.0420517   0.00114941     0.241614   -0.0665253
  0.00115037    0.0361086   -0.0665253     0.586098
x_ =  99.0747
 17.3699
 1.03184
-1.33732
P_ =   0.0142043 -0.00137187    0.010695 -0.00383989
-0.00137187   0.0219522 -0.00415033   0.0351742
   0.010695 -0.00415033   0.0795281  -0.0917559
-0.00383989   0.0351742  -0.0917559    0.582018
x_ =  99.9978
 16.9772
0.872397
0.190021
P_ =    0.0221338 -1.90214e-05    0.0420784   0.00107931
-1.90214e-05     0.022239   0.00107714    0.0360824
   0.0420784   0.00107714      0.24001   -0.0622061
  0.00107931    0.0360824   -0.0622061     0.587675
x_ =  100.057
 16.9869
0.873593
0.190988
P_ =   0.0141999 -0.00136091   0.0107591 -0.00407865
-0.00136091   0.0219572 -0.00425103   0.0351166
  0.0107591 -0.00425103   0.0784189  -0.0886807
-0.00407865   0.0351166  -0.0886807    0.583194
x_ =     101.2
   16.544
   1.3553
-0.824018
P_ =   0.0221336 -1.8504e-05   0.0420874  0.00105395
-1.8504e-05   0.0222392  0.00105203   0.0360728
  0.0420874  0.00105203     0.23957  -0.0609719
 0.00105395   0.0360728  -0.0609719    0.588151
x_ =   101.157
  16.5369
  1.12297
-0.859655
P_ =   0.0141759  -0.0012902   0.0106572 -0.00377958
 -0.0012902   0.0219824 -0.00394285    0.035218
  0.0106572 -0.00394285   0.0773593  -0.0856009
-0.00377958    0.035218  -0.0856009     0.58427
x_ =  102.384
 16.3908
 1.35618
0.302195
P_ =   0.0221334 -1.7797e-05    0.042102  0.00101096
-1.7797e-05   0.0222394     0.00101   0.0360582
   0.042102     0.00101    0.238687  -0.0583827
 0.00101096   0.0360582  -0.0583827    0.589043
x_ =  102.277
 16.3724
 1.00889
0.245397
P_ =   0.0141748 -0.00128748   0.0106964  -0.0039225
-0.00128748   0.0219845 -0.00402852   0.0351823
  0.0106964 -0.00402852   0.0767424  -0.0837622
 -0.0039225   0.0351823  -0.0837622    0.584929
x_ =  103.009
 15.3679
0.424359
-1.79369
P_ =    0.0221333 -1.74932e-05    0.0421068  0.000996556
-1.74932e-05    0.0222395   0.00099533    0.0360529
   0.0421068   0.00099533     0.238457   -0.0576918
 0.000996556    0.0360529   -0.0576918     0.589297
x_ =  103.065
 15.3746
 1.00311
-1.72331
P_ =   0.0141375 -0.00116646   0.0104996 -0.00320132
-0.00116646   0.0220226 -0.00348005    0.035374
  0.0104996 -0.00348005   0.0751654  -0.0787894
-0.00320132    0.035374  -0.0787894    0.586429
x_ =  104.112
 15.2521
 1.15691
0.871987
P_ =    0.0221329 -1.62969e-05    0.0421299  0.000923332
-1.62969e-05    0.0222399  0.000921738    0.0360304
   0.0421299  0.000921738     0.237033   -0.0531549
 0.000923332    0.0360304   -0.0531549     0.590688
x_ =  104.058
 15.2431
  1.0506
0.854726
P_ =   0.0141459 -0.00119637    0.010622 -0.00368627
-0.00119637   0.0220149 -0.00379117   0.0352592
   0.010622 -0.00379117   0.0746002  -0.0769581
-0.00368627   0.0352592  -0.0769581    0.587068
x_ =  105.535
 14.4601
 1.79215
-1.78022
P_ =    0.0221328 -1.61071e-05    0.0421313  0.000919125
-1.61071e-05      0.02224  0.000917433    0.0360284
   0.0421313  0.000917433     0.237062   -0.0532637
 0.000919125    0.0360284   -0.0532637     0.590699
x_ =   105.45
 14.4479
  1.4975
-1.81823
P_ =   0.0141097 -0.00106879    0.010425 -0.00293008
-0.00106879   0.0220524 -0.00316546    0.035452
   0.010425 -0.00316546   0.0733318  -0.0725743
-0.00293008    0.035452  -0.0725743    0.588287
x_ =  106.832
 14.0319
 1.33232
0.447569
P_ =   0.0221325 -1.4999e-05   0.0421513 0.000849107
-1.4999e-05   0.0222403 0.000848086   0.0360087
  0.0421513 0.000848086      0.2358  -0.0488673
0.000849107   0.0360087  -0.0488673    0.591941
x_ =  106.776
 14.0251
 1.29078
0.442405
P_ =   0.0141101 -0.00107155   0.0104884 -0.00317686
-0.00107155    0.022053 -0.00335823   0.0353965
  0.0104884 -0.00335823   0.0724786  -0.0695063
-0.00317686   0.0353965  -0.0695063    0.589207
x_ =   108.084
  13.6697
  1.29258
-0.848441
P_ =    0.0221324 -1.45045e-05    0.0421577  0.000826649
-1.45045e-05    0.0222404  0.000824459    0.0360017
   0.0421577  0.000824459     0.235511   -0.0478155
 0.000826649    0.0360017   -0.0478155     0.592269
x_ =   108.126
  13.6749
  1.51639
-0.822283
P_ =    0.014093 -0.00100603   0.0104187 -0.00293377
-0.00100603   0.0220712 -0.00305881   0.0354656
  0.0104187 -0.00305881   0.0718024  -0.0669385
-0.00293377   0.0354656  -0.0669385    0.589911
x_ =  109.536
 13.5631
   1.339
0.323665
P_ =   0.0221322 -1.3907e-05   0.0421671 0.000789586
-1.3907e-05   0.0222406 0.000788978   0.0359921
  0.0421671 0.000788978    0.234928  -0.0455846
0.000789586   0.0359921  -0.0455846    0.592864
x_ =  109.514
 13.5597
 1.37033
0.325993
P_ =   0.0140935 -0.00100854   0.0104502 -0.00307418
-0.00100854   0.0220718 -0.00315997   0.0354372
  0.0104502 -0.00315997   0.0714231  -0.0654619
-0.00307418   0.0354372  -0.0654619    0.590328
x_ =  111.061
 12.5963
 1.66011
-1.75404
P_ =    0.0221321 -1.36748e-05    0.0421699  0.000779238
-1.36748e-05    0.0222406  0.000778183     0.035989
   0.0421699  0.000778183     0.234809   -0.0451179
 0.000779238     0.035989   -0.0451179     0.593005
x_ =  111.143
 12.6062
 1.82857
-1.73405
P_ =    0.0140654 -0.000887913    0.0102984  -0.00233632
-0.000887913    0.0221013  -0.00260502    0.0355854
   0.0102984  -0.00260502    0.0702561   -0.0606172
 -0.00233632    0.0355854   -0.0606172     0.591422
x_ =  112.913
 12.4692
  1.7692
0.847052
P_ =    0.0221319 -1.24982e-05    0.0421871  0.000706955
-1.24982e-05    0.0222409  0.000705442    0.0359722
   0.0421871  0.000705442     0.233739   -0.0406213
 0.000706955    0.0359722   -0.0406213     0.594047
x_ =   112.89
 12.4673
 1.69237
0.839726
P_ =    0.0140706 -0.000913287    0.0103842  -0.00278504
-0.000913287    0.0220972  -0.00289533    0.0355074
   0.0103842  -0.00289533    0.0697937   -0.0586251
 -0.00278504    0.0355074   -0.0586251     0.591958
x_ =   114.798
  12.5592
  2.07868
-0.362852
P_ =    0.0221318 -1.22668e-05    0.0421888   0.00070014
-1.22668e-05     0.022241  0.000698463    0.0359699
   0.0421888  0.000698463     0.233723   -0.0405629
  0.00070014    0.0359699   -0.0405629     0.594106
x_ =   114.787
  12.5576
  1.93341
-0.378785
P_ =    0.0140629 -0.000878949     0.010352  -0.00268505
-0.000878949    0.0221063  -0.00270468    0.0355408
    0.010352  -0.00270468    0.0696365   -0.0579234
 -0.00268505    0.0355408   -0.0579234      0.59216
x_ =   116.688
  12.1044
  1.86802
-0.500172
P_ =    0.0221318 -1.20734e-05    0.0421916  0.000686386
-1.20734e-05     0.022241   0.00068659    0.0359667
   0.0421916   0.00068659     0.233533   -0.0397135
 0.000686386    0.0359667   -0.0397135     0.594317
x_ =   116.748
  12.1106
  2.09644
-0.478169
P_ =    0.0140536 -0.000834898    0.0103044  -0.00239025
-0.000834898    0.0221169  -0.00254582    0.0355897
   0.0103044  -0.00254582    0.0690739    -0.055322
 -0.00239025    0.0355897    -0.055322     0.592729
x_ = 118.951
11.9966
2.30955
0.11398
P_ =    0.0221316 -1.14904e-05     0.042199  0.000652744
-1.14904e-05    0.0222412   0.00065153    0.0359592
    0.042199   0.00065153     0.233095   -0.0376683
 0.000652744    0.0359592   -0.0376683     0.594763
x_ =  118.921
 11.9943
 2.16945
0.101483
P_ =    0.0140508 -0.000821813    0.0103138  -0.00246571
-0.000821813    0.0221211  -0.00255333    0.0355832
   0.0103138  -0.00255333    0.0687247   -0.0536487
 -0.00246571    0.0355832   -0.0536487     0.593108
x_ =  120.701
 12.2897
 1.43437
0.403522
P_ =    0.0221316 -1.11886e-05    0.0422022  0.000636973
-1.11886e-05    0.0222412  0.000636097    0.0359557
   0.0422022  0.000636097     0.232926   -0.0368485
 0.000636973    0.0359557   -0.0368485     0.594952
x_ =  120.812
 12.3009
 1.93763
0.455352
P_ =    0.0140534 -0.000834446    0.0103409   -0.0026523
-0.000834446    0.0221197  -0.00263031    0.0355577
   0.0103409  -0.00263031    0.0687718   -0.0538799
  -0.0026523    0.0355577   -0.0538799     0.593086
x_ =  123.555
 12.8284
 3.47536
0.596216
P_ =    0.0221316 -1.12839e-05    0.0422008  0.000643404
-1.12839e-05    0.0222412   0.00064347    0.0359569
   0.0422008   0.00064347     0.233023   -0.0373235
 0.000643404    0.0359569   -0.0373235     0.594869
x_ =  123.356
 12.8077
 2.58334
0.501111
P_ =    0.0140565 -0.000849428    0.0103546  -0.00273468
-0.000849428    0.0221183  -0.00267836    0.0355465
   0.0103546  -0.00267836    0.0689717   -0.0548443
 -0.00273468    0.0355465   -0.0548443     0.592904
x_ =  124.911
  12.781
 0.60701
-0.38355
P_ =    0.0221316 -1.14925e-05    0.0421983  0.000655281
-1.14925e-05    0.0222412  0.000655741    0.0359592
   0.0421983  0.000655741      0.23317   -0.0380317
 0.000655281    0.0359592   -0.0380317     0.594737
x_ =   125.208
  12.8112
  2.05853
-0.239144
P_ =    0.0140518 -0.000827022    0.0103189  -0.00251765
-0.000827022    0.0221237  -0.00255256    0.0355831
   0.0103189  -0.00255256    0.0688588   -0.0543029
 -0.00251765    0.0355831   -0.0543029     0.593034
x_ =  127.843
 13.3183
  3.1799
0.984495
P_ =    0.0221316 -1.13219e-05    0.0422007  0.000643967
-1.13219e-05    0.0222412  0.000643877    0.0359566
   0.0422007  0.000643877      0.23301   -0.0372618
 0.000643967    0.0359566   -0.0372618     0.594907
x_ =  127.707
 13.3038
 2.62947
0.924855
P_ =    0.0140587 -0.000859954    0.0103653   -0.0027785
-0.000859954    0.0221184  -0.00273651    0.0355389
   0.0103653  -0.00273651    0.0690148   -0.0550499
  -0.0027785    0.0355389   -0.0550499      0.59289
x_ =  129.954
 13.7026
 1.88311
0.062675
P_ =    0.0221317 -1.15521e-05    0.0421975  0.000659506
-1.15521e-05    0.0222412  0.000659547    0.0359597
   0.0421975  0.000659547     0.233227   -0.0383003
 0.000659506    0.0359597   -0.0383003     0.594703
x_ =  130.071
  13.715
 2.28732
0.105615
P_ =    0.0140579 -0.000856317    0.0103519  -0.00271448
-0.000856317    0.0221203  -0.00267287    0.0355542
   0.0103519  -0.00267287    0.0691584   -0.0557317
 -0.00271448    0.0355542   -0.0557317     0.592766
x_ = 132.096
14.4993
 1.8078
 1.1948
P_ =    0.0221317 -1.16555e-05    0.0421965  0.000663767
-1.16555e-05    0.0222411  0.000664307    0.0359604
   0.0421965  0.000664307     0.233266   -0.0384846
 0.000663767    0.0359604   -0.0384846     0.594677
x_ = 132.222
14.5131
2.31604
1.25354
P_ =    0.0140695 -0.000908654     0.010413    -0.003027
-0.000908654    0.0221098  -0.00291563    0.0354937
    0.010413  -0.00291563    0.0696016    -0.057769
   -0.003027    0.0354937    -0.057769     0.592322
x_ =  135.065
 15.0555
 3.29769
0.120471
P_ =    0.0221318 -1.21529e-05    0.0421898   0.00069448
-1.21529e-05     0.022241  0.000695082    0.0359671
   0.0421898  0.000695082     0.233684   -0.0403963
  0.00069448    0.0359671   -0.0403963     0.594263
x_ =   134.988
  15.0465
  2.80016
0.0635795
P_ =     0.014068 -0.000902444    0.0103843  -0.00287005
-0.000902444    0.0221126  -0.00281169    0.0355256
   0.0103843  -0.00281169    0.0698331   -0.0588129
 -0.00287005    0.0355256   -0.0588129     0.592115
x_ = 137.564
16.2021
2.40709
1.82233
P_ =    0.0221318 -1.22988e-05    0.0421885  0.000700238
-1.22988e-05     0.022241  0.000701026    0.0359682
   0.0421885  0.000701026     0.233729   -0.0406015
 0.000700238    0.0359682   -0.0406015     0.594235
x_ = 137.614
16.2086
2.61524
1.84957
P_ =    0.0140862 -0.000979491    0.0104812  -0.00333352
-0.000979491    0.0220956  -0.00317153    0.0354281
   0.0104812  -0.00317153    0.0705185   -0.0617657
 -0.00333352    0.0354281   -0.0617657     0.591412
x_ =   140.33
 17.0201
   2.772
0.173746
P_ =     0.022132 -1.30235e-05     0.042178  0.000745105
-1.30235e-05    0.0222408  0.000745965    0.0359787
    0.042178  0.000745965     0.234384   -0.0433993
 0.000745105    0.0359787   -0.0433993     0.593578
x_ =  140.346
 17.0226
 2.83967
0.183179
P_ =    0.0140864 -0.000980873    0.0104512  -0.00317891
-0.000980873    0.0220965   -0.0030672    0.0354622
   0.0104512   -0.0030672    0.0709902   -0.0637343
 -0.00317891    0.0354622   -0.0637343     0.590974
x_ = 142.893
 17.983
2.30865
1.43016
P_ =   0.0221321 -1.3345e-05   0.0421744 0.000760104
-1.3345e-05   0.0222408 0.000761419   0.0359821
  0.0421744 0.000761419    0.234556  -0.0441124
0.000760104   0.0359821  -0.0441124    0.593427
x_ = 142.895
17.9837
 2.5351
1.46216
P_ =   0.0141006 -0.00103706   0.0105163 -0.00343794
-0.00103706   0.0220833 -0.00331923   0.0353972
  0.0105163 -0.00331923   0.0715624  -0.0660205
-0.00343794   0.0353972  -0.0660205    0.590411
x_ = 145.393
 19.165
2.45277
1.00615
P_ =    0.0221322 -1.38816e-05    0.0421661  0.000793066
-1.38816e-05    0.0222406  0.000793716    0.0359902
   0.0421661  0.000793716     0.235062   -0.0461186
 0.000793066    0.0359902   -0.0461186     0.592928
x_ = 145.495
19.1787
 2.7377
 1.0451
P_ =   0.0141108 -0.00107567   0.0105504 -0.00358602
-0.00107567   0.0220741  -0.0034168   0.0353649
  0.0105504  -0.0034168    0.072326  -0.0689538
-0.00358602   0.0353649  -0.0689538    0.589654
x_ =  148.25
20.4724
2.78014
1.44818
P_ =    0.0221324 -1.44866e-05    0.0421572  0.000826748
-1.44866e-05    0.0222405  0.000828216     0.035999
   0.0421572  0.000828216     0.235575     -0.04807
 0.000826748     0.035999     -0.04807     0.592422
x_ = 148.223
20.4691
2.63857
1.42807
P_ =    0.014126 -0.00113018   0.0106056 -0.00378022
-0.00113018     0.02206 -0.00360721   0.0353108
  0.0106056 -0.00360721    0.073192  -0.0721225
-0.00378022   0.0353108  -0.0721225    0.588792
x_ = 150.689
22.1118
2.31865
1.76878
P_ =   0.0221325 -1.5165e-05   0.0421464 0.000866036
-1.5165e-05   0.0222403 0.000867345   0.0360098
  0.0421464 0.000867345    0.236212  -0.0503737
0.000866036   0.0360098  -0.0503737    0.591792
x_ = 150.722
22.1167
2.60017
1.81439
P_ =    0.014147 -0.00120102   0.0106901 -0.00408936
-0.00120102   0.0220399 -0.00385211   0.0352267
  0.0106901 -0.00385211   0.0744047  -0.0763197
-0.00408936   0.0352267  -0.0763197    0.587564
x_ = 153.421
23.4959
2.76839
1.11356
P_ =    0.0221328 -1.60719e-05     0.042131  0.000918373
-1.60719e-05      0.02224    0.0009202    0.0360252
    0.042131    0.0009202     0.237119   -0.0534698
 0.000918373    0.0360252   -0.0534698     0.590883
x_ = 153.402
23.4924
2.68898
 1.0998
P_ =   0.0141591 -0.00124077   0.0107091 -0.00411434
-0.00124077   0.0220286 -0.00392993   0.0352106
  0.0107091 -0.00392993   0.0754247  -0.0796762
-0.00411434   0.0352106  -0.0796762    0.586573
x_ = 156.047
 24.806
2.61458
1.44419
P_ =     0.022133 -1.67297e-05      0.04212  0.000954475
-1.67297e-05    0.0222398  0.000956129     0.036036
     0.04212  0.000956129     0.237738   -0.0554794
 0.000954475     0.036036   -0.0554794     0.590281
x_ = 156.029
24.8034
2.49997
1.42519
P_ =   0.0141751  -0.0012905   0.0107616 -0.00425916
 -0.0012905   0.0220134 -0.00409941   0.0351588
  0.0107616 -0.00409941    0.076363  -0.0826263
-0.00425916   0.0351588  -0.0826263    0.585654
x_ = 158.899
26.0328
3.19406
1.12489
P_ =    0.0221332 -1.73527e-05    0.0421085  0.000990461
-1.73527e-05    0.0222396  0.000991676    0.0360473
   0.0421085  0.000991676     0.238409   -0.0575694
 0.000990461    0.0360473   -0.0575694      0.58962
x_ = 158.884
26.0305
2.98507
1.08879
P_ =   0.0141856 -0.00132216   0.0107841  -0.0043113
-0.00132216   0.0220036 -0.00417316   0.0351379
  0.0107841 -0.00417316   0.0771782  -0.0851015
 -0.0043113   0.0351379  -0.0851015    0.584861
x_ = 161.419
27.4224
2.14209
1.55899
P_ =    0.0221334 -1.78476e-05    0.0420994    0.0010179
-1.78476e-05    0.0222395   0.00101911    0.0360562
   0.0420994   0.00101911     0.238924    -0.059119
   0.0010179    0.0360562    -0.059119     0.589118
x_ = 161.484
27.4341
2.40142
1.60572
P_ =   0.0142041  -0.0013754   0.0108579 -0.00453292
 -0.0013754   0.0219859 -0.00436983   0.0350644
  0.0108579 -0.00436983   0.0781742  -0.0880144
-0.00453292   0.0350644  -0.0880144    0.583867
x_ =  163.63
28.7716
1.90102
1.15826
P_ =   0.0221336 -1.8484e-05   0.0420866   0.0010551
-1.8484e-05   0.0222392  0.00105629   0.0360689
  0.0420866  0.00105629    0.239685  -0.0613247
  0.0010551   0.0360689  -0.0613247     0.58836
x_ = 163.797
28.8017
2.46738
1.26177
P_ =   0.0142183 -0.00141526   0.0108982 -0.00464138
-0.00141526   0.0219722 -0.00447486   0.0350254
  0.0108982 -0.00447486   0.0792081  -0.0909325
-0.00464138   0.0350254  -0.0909325    0.582843
x_ = 166.819
30.2041
 3.5274
1.51801
P_ =    0.0221338 -1.90803e-05    0.0420747   0.00108846
-1.90803e-05     0.022239   0.00108988    0.0360808
   0.0420747   0.00108988     0.240369   -0.0632377
  0.00108846    0.0360808   -0.0632377     0.587684
x_ = 166.689
  30.18
 2.8481
1.38879
